0.014, 0.954, Class 1.
0.048, 0.950, Class 1.
0.000, 0.998, Class 1.
-0.026, 1.002, Class 1.
0.056, 0.899, Class 1.
0.044, 0.958, Class 1.
0.025, 0.958, Class 1.
-0.014, 0.950, Class 1.
0.017, 0.969, Class 1.
-0.049, 1.008, Class 1.
0.042, 1.004, Class 1.
0.065, 0.936, Class 1.
0.085, 0.977, Class 1.
0.014, 1.010, Class 1.
0.085, 1.004, Class 1.
0.052, 0.923, Class 1.
0.082, 0.950, Class 1.
0.115, 0.967, Class 1.
0.075, 0.905, Class 1.
0.041, 1.006, Class 1.
0.123, 1.028, Class 1.
0.104, 1.000, Class 1.
0.079, 1.026, Class 1.
0.069, 0.938, Class 1.
0.083, 0.965, Class 1.
0.100, 0.968, Class 1.
0.101, 0.931, Class 1.
0.128, 0.947, Class 1.
0.087, 0.917, Class 1.
0.106, 0.963, Class 1.
0.133, 0.938, Class 1.
0.173, 0.954, Class 1.
0.193, 0.939, Class 1.
0.192, 0.926, Class 1.
0.179, 1.001, Class 1.
0.146, 0.983, Class 1.
0.143, 0.937, Class 1.
0.167, 0.985, Class 1.
0.132, 0.930, Class 1.
0.132, 0.911, Class 1.
0.187, 1.042, Class 1.
0.217, 1.007, Class 1.
0.193, 0.974, Class 1.
0.159, 0.960, Class 1.
0.152, 0.958, Class 1.
0.180, 0.994, Class 1.
0.191, 0.960, Class 1.
0.215, 1.000, Class 1.
0.219, 0.923, Class 1.
0.207, 0.940, Class 1.
0.246, 0.970, Class 1.
0.227, 0.985, Class 1.
0.229, 0.934, Class 1.
0.262, 0.983, Class 1.
0.227, 0.956, Class 1.
0.187, 0.971, Class 1.
0.249, 0.964, Class 1.
0.263, 0.877, Class 1.
0.212, 0.926, Class 1.
0.220, 0.974, Class 1.
0.239, 0.985, Class 1.
0.222, 0.985, Class 1.
0.292, 0.981, Class 1.
0.324, 0.993, Class 1.
0.249, 0.941, Class 1.
0.291, 0.965, Class 1.
0.318, 0.950, Class 1.
0.295, 0.968, Class 1.
0.259, 0.968, Class 1.
0.257, 0.904, Class 1.
0.264, 0.960, Class 1.
0.297, 0.985, Class 1.
0.290, 0.961, Class 1.
0.286, 0.972, Class 1.
0.262, 0.934, Class 1.
0.356, 0.951, Class 1.
0.294, 0.949, Class 1.
0.273, 0.922, Class 1.
0.286, 0.930, Class 1.
0.302, 0.983, Class 1.
0.342, 1.018, Class 1.
0.349, 1.032, Class 1.
0.357, 0.993, Class 1.
0.325, 0.988, Class 1.
0.379, 0.888, Class 1.
0.370, 1.034, Class 1.
0.286, 0.965, Class 1.
0.385, 0.997, Class 1.
0.363, 0.938, Class 1.
0.344, 0.999, Class 1.
0.396, 1.001, Class 1.
0.392, 0.918, Class 1.
0.355, 0.993, Class 1.
0.421, 0.908, Class 1.
0.405, 0.977, Class 1.
0.361, 0.973, Class 1.
0.419, 0.996, Class 1.
0.390, 0.971, Class 1.
0.372, 0.974, Class 1.
0.377, 0.946, Class 1.
0.406, 0.974, Class 1.
0.471, 0.967, Class 1.
0.402, 0.962, Class 1.
0.415, 0.958, Class 1.
0.440, 0.970, Class 1.
0.476, 0.977, Class 1.
0.430, 0.941, Class 1.
0.414, 0.955, Class 1.
0.456, 0.978, Class 1.
0.413, 0.970, Class 1.
0.467, 0.958, Class 1.
0.447, 0.978, Class 1.
0.457, 0.940, Class 1.
0.450, 0.954, Class 1.
0.500, 1.032, Class 1.
0.514, 0.926, Class 1.
0.464, 0.998, Class 1.
0.531, 0.954, Class 1.
0.455, 0.973, Class 1.
0.439, 0.961, Class 1.
0.555, 0.966, Class 1.
0.480, 0.934, Class 1.
0.449, 0.929, Class 1.
0.503, 1.002, Class 1.
0.469, 1.000, Class 1.
0.467, 0.970, Class 1.
0.492, 0.995, Class 1.
0.465, 0.987, Class 1.
0.497, 0.981, Class 1.
0.528, 0.953, Class 1.
0.499, 0.929, Class 1.
0.479, 0.941, Class 1.
0.500, 0.959, Class 1.
0.504, 0.965, Class 1.
0.538, 0.966, Class 1.
0.494, 0.937, Class 1.
0.535, 0.935, Class 1.
0.442, 0.948, Class 1.
0.486, 0.961, Class 1.
0.558, 0.941, Class 1.
0.491, 0.948, Class 1.
0.570, 0.910, Class 1.
0.475, 0.908, Class 1.
0.524, 0.941, Class 1.
0.515, 0.939, Class 1.
0.533, 0.968, Class 1.
0.570, 0.992, Class 1.
0.444, 0.903, Class 1.
0.521, 0.965, Class 1.
0.498, 0.961, Class 1.
0.513, 0.948, Class 1.
0.521, 0.944, Class 1.
0.522, 0.910, Class 1.
0.538, 0.965, Class 1.
0.478, 0.926, Class 1.
0.457, 0.922, Class 1.
0.487, 0.871, Class 1.
0.539, 0.934, Class 1.
0.542, 0.931, Class 1.
0.485, 0.939, Class 1.
0.518, 0.902, Class 1.
0.526, 0.920, Class 1.
0.552, 0.966, Class 1.
0.496, 0.921, Class 1.
0.501, 0.903, Class 1.
0.521, 0.910, Class 1.
0.480, 0.919, Class 1.
0.510, 0.903, Class 1.
0.502, 0.850, Class 1.
0.501, 0.928, Class 1.
0.510, 0.871, Class 1.
0.507, 0.892, Class 1.
0.528, 0.897, Class 1.
0.508, 0.881, Class 1.
0.526, 0.944, Class 1.
0.519, 0.833, Class 1.
0.526, 0.819, Class 1.
0.506, 0.904, Class 1.
0.537, 0.884, Class 1.
0.518, 0.919, Class 1.
0.475, 0.842, Class 1.
0.469, 0.913, Class 1.
0.487, 0.876, Class 1.
0.472, 0.881, Class 1.
0.478, 0.825, Class 1.
0.487, 0.861, Class 1.
0.537, 0.837, Class 1.
0.515, 0.876, Class 1.
0.469, 0.867, Class 1.
0.584, 0.888, Class 1.
0.480, 0.848, Class 1.
0.466, 0.801, Class 1.
0.490, 0.852, Class 1.
0.466, 0.814, Class 1.
0.544, 0.810, Class 1.
0.540, 0.798, Class 1.
0.487, 0.843, Class 1.
0.448, 0.840, Class 1.
0.509, 0.853, Class 1.
0.478, 0.806, Class 1.
0.508, 0.806, Class 1.
0.545, 0.772, Class 1.
0.442, 0.792, Class 1.
0.494, 0.816, Class 1.
0.395, 0.775, Class 1.
0.470, 0.794, Class 1.
0.466, 0.782, Class 1.
0.455, 0.810, Class 1.
0.461, 0.848, Class 1.
0.458, 0.849, Class 1.
0.439, 0.779, Class 1.
0.492, 0.730, Class 1.
0.436, 0.761, Class 1.
0.447, 0.759, Class 1.
0.415, 0.779, Class 1.
0.439, 0.716, Class 1.
0.494, 0.760, Class 1.
0.465, 0.766, Class 1.
0.392, 0.768, Class 1.
0.416, 0.770, Class 1.
0.423, 0.710, Class 1.
0.404, 0.709, Class 1.
0.420, 0.694, Class 1.
0.395, 0.727, Class 1.
0.449, 0.757, Class 1.
0.438, 0.764, Class 1.
0.403, 0.737, Class 1.
0.416, 0.711, Class 1.
0.377, 0.725, Class 1.
0.387, 0.709, Class 1.
0.410, 0.692, Class 1.
0.377, 0.720, Class 1.
0.391, 0.764, Class 1.
0.372, 0.700, Class 1.
0.365, 0.714, Class 1.
0.404, 0.715, Class 1.
0.359, 0.745, Class 1.
0.438, 0.669, Class 1.
0.396, 0.683, Class 1.
0.435, 0.728, Class 1.
0.304, 0.662, Class 1.
0.383, 0.673, Class 1.
0.296, 0.669, Class 1.
0.380, 0.654, Class 1.
0.395, 0.632, Class 1.
0.312, 0.680, Class 1.
0.366, 0.708, Class 1.
0.374, 0.664, Class 1.
0.349, 0.632, Class 1.
0.361, 0.663, Class 1.
0.321, 0.624, Class 1.
0.339, 0.649, Class 1.
0.277, 0.636, Class 1.
0.358, 0.654, Class 1.
0.363, 0.621, Class 1.
0.327, 0.644, Class 1.
0.323, 0.700, Class 1.
0.335, 0.726, Class 1.
0.383, 0.633, Class 1.
0.278, 0.673, Class 1.
0.282, 0.599, Class 1.
0.297, 0.630, Class 1.
0.270, 0.618, Class 1.
0.271, 0.577, Class 1.
0.269, 0.663, Class 1.
0.284, 0.624, Class 1.
0.257, 0.667, Class 1.
0.310, 0.601, Class 1.
0.257, 0.637, Class 1.
0.281, 0.657, Class 1.
0.234, 0.629, Class 1.
0.253, 0.668, Class 1.
0.278, 0.692, Class 1.
0.261, 0.615, Class 1.
0.271, 0.604, Class 1.
0.241, 0.628, Class 1.
0.257, 0.572, Class 1.
0.244, 0.600, Class 1.
0.231, 0.656, Class 1.
0.267, 0.654, Class 1.
0.140, 0.634, Class 1.
0.228, 0.618, Class 1.
0.206, 0.587, Class 1.
0.207, 0.683, Class 1.
0.237, 0.638, Class 1.
0.184, 0.617, Class 1.
0.246, 0.592, Class 1.
0.207, 0.576, Class 1.
0.168, 0.604, Class 1.
0.208, 0.550, Class 1.
0.241, 0.584, Class 1.
0.198, 0.634, Class 1.
0.172, 0.655, Class 1.
0.192, 0.573, Class 1.
0.187, 0.662, Class 1.
0.165, 0.597, Class 1.
0.177, 0.610, Class 1.
0.245, 0.617, Class 1.
0.155, 0.634, Class 1.
0.186, 0.622, Class 1.
0.135, 0.629, Class 1.
0.122, 0.620, Class 1.
0.131, 0.664, Class 1.
0.161, 0.651, Class 1.
0.117, 0.636, Class 1.
0.210, 0.655, Class 1.
0.153, 0.611, Class 1.
0.132, 0.615, Class 1.
0.119, 0.659, Class 1.
0.119, 0.646, Class 1.
0.141, 0.639, Class 1.
0.168, 0.631, Class 1.
0.134, 0.666, Class 1.
0.126, 0.649, Class 1.
0.053, 0.691, Class 1.
0.117, 0.700, Class 1.
0.065, 0.660, Class 1.
0.108, 0.589, Class 1.
0.095, 0.651, Class 1.
0.137, 0.633, Class 1.
0.130, 0.720, Class 1.
0.128, 0.668, Class 1.
0.099, 0.678, Class 1.
0.102, 0.668, Class 1.
0.060, 0.675, Class 1.
0.063, 0.710, Class 1.
0.157, 0.733, Class 1.
0.077, 0.646, Class 1.
0.043, 0.639, Class 1.
0.029, 0.698, Class 1.
0.043, 0.784, Class 1.
0.040, 0.714, Class 1.
0.152, 0.768, Class 1.
0.068, 0.734, Class 1.
0.064, 0.687, Class 1.
0.094, 0.702, Class 1.
0.066, 0.767, Class 1.
0.014, 0.674, Class 1.
0.035, 0.741, Class 1.
0.057, 0.750, Class 1.
0.051, 0.769, Class 1.
0.072, 0.832, Class 1.
0.038, 0.825, Class 1.
0.067, 0.795, Class 1.
0.052, 0.729, Class 1.
0.078, 0.832, Class 1.
0.058, 0.876, Class 1.
0.044, 0.766, Class 1.
0.111, 0.774, Class 1.
0.072, 0.852, Class 1.
0.084, 0.834, Class 1.
0.101, 0.840, Class 1.
0.057, 0.869, Class 1.
0.129, 0.830, Class 1.
0.122, 0.889, Class 1.
0.096, 0.828, Class 1.
0.089, 0.845, Class 1.
0.123, 0.890, Class 1.
0.114, 0.884, Class 1.
0.112, 0.832, Class 1.
0.169, 0.872, Class 1.
0.191, 0.905, Class 1.
0.174, 0.909, Class 1.
0.174, 0.848, Class 1.
0.140, 0.854, Class 1.
0.175, 0.817, Class 1.
0.182, 0.844, Class 1.
0.191, 0.893, Class 1.
0.180, 0.889, Class 1.
0.149, 0.864, Class 1.
0.250, 0.904, Class 1.
0.239, 0.924, Class 1.
0.246, 0.963, Class 1.
0.244, 0.930, Class 1.
0.261, 0.947, Class 1.
0.251, 0.914, Class 1.
0.275, 0.981, Class 1.
0.319, 0.879, Class 1.
0.234, 0.920, Class 1.
0.219, 0.939, Class 1.
0.305, 0.884, Class 1.
0.309, 0.912, Class 1.
0.315, 0.890, Class 1.
0.307, 0.919, Class 1.
0.277, 0.890, Class 1.
0.311, 0.923, Class 1.
0.262, 0.931, Class 1.
0.285, 0.876, Class 1.
0.273, 0.857, Class 1.
0.307, 0.863, Class 1.
0.344, 0.937, Class 1.
0.365, 0.845, Class 1.
0.372, 0.898, Class 1.
0.409, 0.991, Class 1.
0.396, 0.901, Class 1.
0.341, 0.889, Class 1.
0.301, 0.996, Class 1.
0.322, 0.943, Class 1.
0.389, 0.885, Class 1.
0.359, 0.909, Class 1.
0.366, 0.917, Class 1.
0.423, 0.871, Class 1.
0.461, 0.890, Class 1.
0.407, 0.895, Class 1.
0.420, 0.894, Class 1.
0.419, 0.925, Class 1.
0.453, 0.872, Class 1.
0.450, 0.910, Class 1.
0.436, 0.920, Class 1.
0.390, 0.912, Class 1.
0.386, 0.885, Class 1.
0.469, 0.879, Class 1.
0.429, 0.867, Class 1.
0.450, 0.934, Class 1.
0.360, 0.885, Class 1.
0.371, 0.900, Class 1.
0.410, 0.899, Class 1.
0.397, 0.891, Class 1.
0.446, 0.901, Class 1.
0.469, 0.890, Class 1.
0.390, 0.849, Class 1.
0.391, 0.840, Class 1.
0.404, 0.871, Class 1.
0.388, 0.845, Class 1.
0.419, 0.864, Class 1.
0.423, 0.878, Class 1.
0.465, 0.801, Class 1.
0.441, 0.852, Class 1.
0.427, 0.826, Class 1.
0.457, 0.806, Class 1.
0.321, 0.807, Class 1.
0.270, 0.806, Class 1.
0.307, 0.853, Class 1.
0.256, 0.810, Class 1.
0.341, 0.840, Class 1.
0.267, 0.761, Class 1.
0.313, 0.763, Class 1.
0.325, 0.779, Class 1.
0.332, 0.785, Class 1.
0.286, 0.817, Class 1.
0.202, 0.729, Class 1.
0.223, 0.732, Class 1.
0.244, 0.793, Class 1.
0.268, 0.771, Class 1.
0.276, 0.819, Class 1.
0.243, 0.772, Class 1.
0.234, 0.774, Class 1.
0.184, 0.802, Class 1.
0.246, 0.794, Class 1.
0.190, 0.774, Class 1.
0.211, 0.776, Class 1.
0.231, 0.769, Class 1.
0.236, 0.800, Class 1.
0.228, 0.753, Class 1.
0.227, 0.820, Class 1.
0.215, 0.756, Class 1.
0.176, 0.713, Class 1.
0.256, 0.815, Class 1.
0.281, 0.760, Class 1.
0.236, 0.822, Class 1.
0.186, 0.764, Class 1.
0.192, 0.765, Class 1.
0.157, 0.746, Class 1.
0.218, 0.735, Class 1.
0.160, 0.726, Class 1.
0.199, 0.731, Class 1.
0.230, 0.736, Class 1.
0.214, 0.686, Class 1.
0.193, 0.718, Class 1.
0.199, 0.766, Class 1.
0.212, 0.666, Class 1.
0.198, 0.696, Class 1.
0.195, 0.719, Class 1.
0.131, 0.687, Class 1.
0.170, 0.734, Class 1.
0.157, 0.681, Class 1.
0.194, 0.736, Class 1.
0.139, 0.705, Class 1.
0.189, 0.676, Class 1.
0.154, 0.703, Class 1.
0.201, 0.678, Class 1.
0.152, 0.660, Class 1.
0.169, 0.655, Class 1.
0.201, 0.656, Class 1.
0.208, 0.687, Class 1.
0.155, 0.638, Class 1.
0.187, 0.625, Class 1.
0.164, 0.659, Class 1.
0.181, 0.718, Class 1.
0.156, 0.676, Class 1.
0.399, 0.685, Class 1.
0.332, 0.662, Class 1.
0.341, 0.684, Class 1.
0.312, 0.666, Class 1.
0.383, 0.679, Class 1.
0.366, 0.686, Class 1.
0.375, 0.684, Class 1.
0.329, 0.742, Class 1.
0.337, 0.678, Class 1.
0.302, 0.688, Class 1.
0.334, 0.735, Class 1.
0.413, 0.733, Class 1.
0.344, 0.812, Class 1.
0.424, 0.738, Class 1.
0.388, 0.708, Class 1.
0.403, 0.728, Class 1.
0.365, 0.746, Class 1.
0.301, 0.732, Class 1.
0.392, 0.781, Class 1.
0.377, 0.713, Class 1.
0.408, 0.822, Class 1.
0.379, 0.833, Class 1.
0.391, 0.790, Class 1.
0.439, 0.828, Class 1.
0.459, 0.842, Class 1.
0.383, 0.821, Class 1.
0.453, 0.815, Class 1.
0.443, 0.832, Class 1.
0.437, 0.895, Class 1.
0.375, 0.830, Class 1.
0.358, 0.901, Class 1.
0.409, 0.869, Class 1.
0.360, 0.810, Class 1.
0.392, 0.866, Class 1.
0.377, 0.845, Class 1.
0.347, 0.821, Class 1.
0.339, 0.871, Class 1.
0.388, 0.854, Class 1.
0.392, 0.919, Class 1.
0.332, 0.854, Class 1.
0.175, 0.891, Class 1.
0.204, 0.920, Class 1.
0.158, 0.897, Class 1.
0.178, 0.872, Class 1.
0.210, 0.875, Class 1.
0.208, 0.901, Class 1.
0.228, 0.905, Class 1.
0.216, 0.870, Class 1.
0.195, 0.838, Class 1.
0.186, 0.879, Class 1.
0.126, 0.781, Class 1.
0.069, 0.737, Class 1.
0.124, 0.745, Class 1.
0.138, 0.750, Class 1.
0.095, 0.812, Class 1.
0.062, 0.733, Class 1.
0.103, 0.755, Class 1.
0.124, 0.775, Class 1.
0.108, 0.847, Class 1.
0.084, 0.770, Class 1.
0.100, 0.626, Class 1.
0.117, 0.672, Class 1.
0.073, 0.711, Class 1.
0.109, 0.637, Class 1.
0.105, 0.688, Class 1.
0.086, 0.673, Class 1.
0.109, 0.612, Class 1.
0.089, 0.728, Class 1.
0.078, 0.685, Class 1.
0.110, 0.665, Class 1.
0.083, 0.543, Class 1.
0.108, 0.572, Class 1.
0.117, 0.571, Class 1.
0.080, 0.586, Class 1.
0.061, 0.587, Class 1.
0.107, 0.567, Class 1.
0.081, 0.608, Class 1.
0.104, 0.533, Class 1.
0.090, 0.550, Class 1.
0.141, 0.572, Class 1.
0.015, 0.527, Class 1.
0.044, 0.495, Class 1.
0.098, 0.564, Class 1.
0.074, 0.527, Class 1.
0.083, 0.571, Class 1.
0.069, 0.517, Class 1.
0.070, 0.595, Class 1.
0.027, 0.533, Class 1.
0.035, 0.562, Class 1.
0.064, 0.491, Class 1.
0.060, 0.470, Class 1.
0.057, 0.423, Class 1.
0.106, 0.411, Class 1.
0.104, 0.489, Class 1.
0.115, 0.453, Class 1.
0.008, 0.393, Class 1.
-0.025, 0.411, Class 1.
0.049, 0.453, Class 1.
0.081, 0.411, Class 1.
0.050, 0.408, Class 1.
0.058, 0.378, Class 1.
0.058, 0.359, Class 1.
0.141, 0.378, Class 1.
0.066, 0.428, Class 1.
0.086, 0.352, Class 1.
0.038, 0.366, Class 1.
0.085, 0.379, Class 1.
0.055, 0.352, Class 1.
0.120, 0.394, Class 1.
0.091, 0.383, Class 1.
0.182, 0.384, Class 1.
0.128, 0.428, Class 1.
0.208, 0.399, Class 1.
0.129, 0.408, Class 1.
0.085, 0.429, Class 1.
0.115, 0.335, Class 1.
0.147, 0.405, Class 1.
0.098, 0.386, Class 1.
0.123, 0.422, Class 1.
0.099, 0.386, Class 1.
0.258, 0.434, Class 1.
0.265, 0.436, Class 1.
0.259, 0.506, Class 1.
0.251, 0.440, Class 1.
0.203, 0.444, Class 1.
0.245, 0.392, Class 1.
0.234, 0.428, Class 1.
0.148, 0.482, Class 1.
0.245, 0.422, Class 1.
0.298, 0.437, Class 1.
0.281, 0.519, Class 1.
0.306, 0.547, Class 1.
0.320, 0.567, Class 1.
0.310, 0.559, Class 1.
0.292, 0.526, Class 1.
0.318, 0.455, Class 1.
0.274, 0.529, Class 1.
0.275, 0.487, Class 1.
0.268, 0.505, Class 1.
0.316, 0.458, Class 1.
0.304, 0.557, Class 1.
0.257, 0.508, Class 1.
0.316, 0.566, Class 1.
0.285, 0.523, Class 1.
0.334, 0.558, Class 1.
0.298, 0.548, Class 1.
0.318, 0.539, Class 1.
0.322, 0.559, Class 1.
0.260, 0.576, Class 1.
0.272, 0.536, Class 1.
0.392, 0.641, Class 1.
0.339, 0.663, Class 1.
0.412, 0.626, Class 1.
0.324, 0.632, Class 1.
0.410, 0.625, Class 1.
0.372, 0.605, Class 1.
0.378, 0.594, Class 1.
0.345, 0.651, Class 1.
0.364, 0.617, Class 1.
0.386, 0.631, Class 1.
0.379, 0.631, Class 1.
0.355, 0.630, Class 1.
0.296, 0.708, Class 1.
0.383, 0.637, Class 1.
0.355, 0.632, Class 1.
0.413, 0.636, Class 1.
0.370, 0.644, Class 1.
0.302, 0.588, Class 1.
0.377, 0.670, Class 1.
0.376, 0.640, Class 1.
0.263, 0.498, Class 1.
0.208, 0.548, Class 1.
0.229, 0.573, Class 1.
0.328, 0.554, Class 1.
0.213, 0.588, Class 1.
0.256, 0.588, Class 1.
0.267, 0.581, Class 1.
0.225, 0.519, Class 1.
0.267, 0.592, Class 1.
0.290, 0.527, Class 1.
0.196, 0.481, Class 1.
0.181, 0.516, Class 1.
0.203, 0.516, Class 1.
0.214, 0.449, Class 1.
0.200, 0.526, Class 1.
0.235, 0.531, Class 1.
0.232, 0.460, Class 1.
0.247, 0.529, Class 1.
0.242, 0.507, Class 1.
0.236, 0.540, Class 1.
0.165, 0.502, Class 1.
0.146, 0.440, Class 1.
0.193, 0.534, Class 1.
0.143, 0.437, Class 1.
0.080, 0.562, Class 1.
0.131, 0.484, Class 1.
0.188, 0.485, Class 1.
0.211, 0.512, Class 1.
0.161, 0.487, Class 1.
0.161, 0.476, Class 1.
0.055, 0.640, Class 1.
0.113, 0.614, Class 1.
0.083, 0.624, Class 1.
0.127, 0.598, Class 1.
0.052, 0.615, Class 1.
0.095, 0.589, Class 1.
0.137, 0.632, Class 1.
0.059, 0.627, Class 1.
0.095, 0.609, Class 1.
0.110, 0.584, Class 1.
0.092, 0.755, Class 1.
0.117, 0.724, Class 1.
0.107, 0.706, Class 1.
0.131, 0.730, Class 1.
0.085, 0.716, Class 1.
0.088, 0.701, Class 1.
0.097, 0.724, Class 1.
0.058, 0.716, Class 1.
0.069, 0.761, Class 1.
0.098, 0.714, Class 1.
0.104, 0.931, Class 1.
0.045, 0.809, Class 1.
0.090, 0.812, Class 1.
0.106, 0.819, Class 1.
0.113, 0.818, Class 1.
0.086, 0.853, Class 1.
0.119, 0.866, Class 1.
0.091, 0.826, Class 1.
0.102, 0.805, Class 1.
0.086, 0.868, Class 1.
0.240, 0.887, Class 1.
0.206, 0.833, Class 1.
0.248, 0.896, Class 1.
0.293, 0.875, Class 1.
0.232, 0.874, Class 1.
0.234, 0.823, Class 1.
0.241, 0.897, Class 1.
0.211, 0.896, Class 1.
0.227, 0.863, Class 1.
0.266, 0.906, Class 1.
0.346, 0.894, Class 1.
0.376, 0.863, Class 1.
0.310, 0.856, Class 1.
0.329, 0.861, Class 1.
0.353, 0.856, Class 1.
0.326, 0.890, Class 1.
0.313, 0.903, Class 1.
0.304, 0.868, Class 1.
0.319, 0.937, Class 1.
0.305, 0.885, Class 1.
0.350, 0.756, Class 1.
0.409, 0.810, Class 1.
0.330, 0.852, Class 1.
0.377, 0.783, Class 1.
0.351, 0.820, Class 1.
0.323, 0.769, Class 1.
0.393, 0.816, Class 1.
0.431, 0.772, Class 1.
0.292, 0.782, Class 1.
0.334, 0.799, Class 1.
0.310, 0.722, Class 1.
0.254, 0.712, Class 1.
0.291, 0.761, Class 1.
0.300, 0.706, Class 1.
0.301, 0.738, Class 1.
0.313, 0.731, Class 1.
0.317, 0.709, Class 1.
0.210, 0.732, Class 1.
0.335, 0.763, Class 1.
0.314, 0.741, Class 1.
0.208, 0.619, Class 1.
0.275, 0.689, Class 1.
0.279, 0.679, Class 1.
0.254, 0.638, Class 1.
0.228, 0.656, Class 1.
0.214, 0.644, Class 1.
0.302, 0.632, Class 1.
0.255, 0.690, Class 1.
0.248, 0.643, Class 1.
0.277, 0.695, Class 1.
0.283, 0.591, Class 1.
0.278, 0.554, Class 1.
0.315, 0.593, Class 1.
0.334, 0.597, Class 1.
0.296, 0.592, Class 1.
0.279, 0.592, Class 1.
0.219, 0.557, Class 1.
0.298, 0.527, Class 1.
0.249, 0.616, Class 1.
0.261, 0.550, Class 1.
0.322, 0.570, Class 1.
0.316, 0.562, Class 1.
0.280, 0.531, Class 1.
0.333, 0.556, Class 1.
0.339, 0.539, Class 1.
0.299, 0.567, Class 1.
0.324, 0.558, Class 1.
0.287, 0.604, Class 1.
0.323, 0.557, Class 1.
0.380, 0.610, Class 1.
0.328, 0.531, Class 1.
0.301, 0.436, Class 1.
0.310, 0.504, Class 1.
0.349, 0.442, Class 1.
0.328, 0.546, Class 1.
0.379, 0.493, Class 1.
0.299, 0.538, Class 1.
0.321, 0.531, Class 1.
0.318, 0.521, Class 1.
0.294, 0.523, Class 1.
0.214, 0.508, Class 1.
0.262, 0.476, Class 1.
0.192, 0.485, Class 1.
0.225, 0.489, Class 1.
0.203, 0.540, Class 1.
0.177, 0.465, Class 1.
0.179, 0.495, Class 1.
0.178, 0.396, Class 1.
0.213, 0.507, Class 1.
0.187, 0.477, Class 1.
0.100, 0.419, Class 1.
0.154, 0.476, Class 1.
0.159, 0.431, Class 1.
0.154, 0.398, Class 1.
0.088, 0.442, Class 1.
0.142, 0.423, Class 1.
0.195, 0.440, Class 1.
0.146, 0.480, Class 1.
0.155, 0.423, Class 1.
0.087, 0.454, Class 1.
0.116, 0.501, Class 1.
0.125, 0.472, Class 1.
0.083, 0.499, Class 1.
0.110, 0.487, Class 1.
0.135, 0.488, Class 1.
0.084, 0.541, Class 1.
0.082, 0.497, Class 1.
0.119, 0.486, Class 1.
0.084, 0.465, Class 1.
0.167, 0.471, Class 1.
0.019, 0.727, Class 1.
-0.045, 0.738, Class 1.
0.049, 0.682, Class 1.
0.081, 0.746, Class 1.
0.007, 0.734, Class 1.
0.039, 0.719, Class 1.
0.034, 0.684, Class 1.
0.027, 0.742, Class 1.
0.016, 0.701, Class 1.
0.009, 0.707, Class 1.
-0.001, 0.773, Class 1.
-0.015, 0.837, Class 1.
0.040, 0.843, Class 1.
0.060, 0.845, Class 1.
0.027, 0.855, Class 1.
0.023, 0.852, Class 1.
0.046, 0.889, Class 1.
-0.009, 0.885, Class 1.
0.023, 0.809, Class 1.
-0.022, 0.881, Class 1.
0.003, 0.910, Class 1.
0.031, 0.910, Class 1.
0.002, 0.892, Class 1.
0.038, 0.887, Class 1.
0.025, 0.930, Class 1.
0.032, 0.929, Class 1.
-0.036, 0.953, Class 1.
0.042, 0.870, Class 1.
0.065, 0.913, Class 1.
0.013, 0.809, Class 1.
0.007, 0.969, Class 1.
0.064, 0.945, Class 1.
0.114, 0.956, Class 1.
0.018, 0.942, Class 1.
0.098, 0.967, Class 1.
0.003, 0.930, Class 1.
0.056, 0.881, Class 1.
0.012, 0.972, Class 1.
0.052, 0.963, Class 1.
0.086, 0.985, Class 1.
0.047, 1.011, Class 1.
0.007, 0.923, Class 1.
0.043, 0.996, Class 1.
0.038, 0.974, Class 1.
0.134, 1.034, Class 1.
0.123, 0.941, Class 1.
0.154, 0.975, Class 1.
0.130, 0.972, Class 1.
0.040, 0.942, Class 1.
0.122, 0.940, Class 1.
0.057, 0.936, Class 1.
0.099, 0.990, Class 1.
0.066, 0.916, Class 1.
0.028, 0.972, Class 1.
0.070, 1.024, Class 1.
0.070, 0.987, Class 1.
0.104, 0.972, Class 1.
0.085, 1.012, Class 1.
0.075, 0.951, Class 1.
0.044, 0.951, Class 1.
0.189, 0.885, Class 1.
0.154, 0.941, Class 1.
0.168, 0.945, Class 1.
0.161, 0.930, Class 1.
0.146, 0.946, Class 1.
0.133, 0.973, Class 1.
0.146, 0.896, Class 1.
0.187, 0.950, Class 1.
0.154, 0.926, Class 1.
0.158, 0.892, Class 1.
0.615, 0.925, Class 2.
0.527, 0.958, Class 2.
0.597, 0.967, Class 2.
0.624, 0.991, Class 2.
0.593, 0.944, Class 2.
0.608, 0.937, Class 2.
0.566, 0.982, Class 2.
0.628, 0.983, Class 2.
0.575, 0.938, Class 2.
0.580, 0.920, Class 2.
0.646, 0.837, Class 2.
0.594, 0.885, Class 2.
0.623, 0.842, Class 2.
0.613, 0.855, Class 2.
0.608, 0.898, Class 2.
0.553, 0.822, Class 2.
0.618, 0.895, Class 2.
0.619, 0.870, Class 2.
0.596, 0.831, Class 2.
0.589, 0.875, Class 2.
0.601, 0.803, Class 2.
0.624, 0.752, Class 2.
0.595, 0.815, Class 2.
0.644, 0.801, Class 2.
0.539, 0.767, Class 2.
0.585, 0.772, Class 2.
0.568, 0.814, Class 2.
0.590, 0.813, Class 2.
0.574, 0.802, Class 2.
0.672, 0.772, Class 2.
0.616, 0.664, Class 2.
0.587, 0.717, Class 2.
0.585, 0.663, Class 2.
0.586, 0.712, Class 2.
0.660, 0.650, Class 2.
0.568, 0.734, Class 2.
0.624, 0.707, Class 2.
0.632, 0.738, Class 2.
0.586, 0.721, Class 2.
0.617, 0.786, Class 2.
0.627, 0.690, Class 2.
0.630, 0.691, Class 2.
0.603, 0.637, Class 2.
0.661, 0.630, Class 2.
0.627, 0.700, Class 2.
0.625, 0.670, Class 2.
0.617, 0.636, Class 2.
0.675, 0.680, Class 2.
0.629, 0.633, Class 2.
0.658, 0.657, Class 2.
0.727, 0.629, Class 2.
0.693, 0.615, Class 2.
0.654, 0.612, Class 2.
0.712, 0.604, Class 2.
0.727, 0.626, Class 2.
0.699, 0.640, Class 2.
0.722, 0.533, Class 2.
0.738, 0.629, Class 2.
0.757, 0.596, Class 2.
0.710, 0.628, Class 2.
0.788, 0.544, Class 2.
0.838, 0.576, Class 2.
0.795, 0.555, Class 2.
0.788, 0.553, Class 2.
0.790, 0.525, Class 2.
0.835, 0.545, Class 2.
0.801, 0.573, Class 2.
0.803, 0.550, Class 2.
0.756, 0.529, Class 2.
0.810, 0.519, Class 2.
0.837, 0.568, Class 2.
0.879, 0.490, Class 2.
0.838, 0.475, Class 2.
0.804, 0.580, Class 2.
0.874, 0.531, Class 2.
0.841, 0.548, Class 2.
0.856, 0.477, Class 2.
0.843, 0.552, Class 2.
0.804, 0.542, Class 2.
0.873, 0.527, Class 2.
0.912, 0.542, Class 2.
0.914, 0.583, Class 2.
0.910, 0.525, Class 2.
0.908, 0.578, Class 2.
0.906, 0.600, Class 2.
0.921, 0.600, Class 2.
0.873, 0.605, Class 2.
0.884, 0.585, Class 2.
0.915, 0.511, Class 2.
0.913, 0.540, Class 2.
0.925, 0.722, Class 2.
0.916, 0.726, Class 2.
0.962, 0.670, Class 2.
0.960, 0.747, Class 2.
0.897, 0.745, Class 2.
0.899, 0.644, Class 2.
0.921, 0.694, Class 2.
0.935, 0.692, Class 2.
0.934, 0.726, Class 2.
0.868, 0.633, Class 2.
0.995, 0.865, Class 2.
0.959, 0.837, Class 2.
0.987, 0.810, Class 2.
1.020, 0.782, Class 2.
0.956, 0.797, Class 2.
0.884, 0.801, Class 2.
0.992, 0.859, Class 2.
0.959, 0.826, Class 2.
0.988, 0.839, Class 2.
0.981, 0.838, Class 2.
0.983, 0.927, Class 2.
1.049, 0.937, Class 2.
0.963, 0.883, Class 2.
0.937, 0.911, Class 2.
0.932, 0.882, Class 2.
1.051, 0.911, Class 2.
1.008, 0.949, Class 2.
0.982, 0.921, Class 2.
1.013, 0.964, Class 2.
1.000, 0.922, Class 2.
0.981, 0.984, Class 2.
1.025, 0.958, Class 2.
0.931, 0.973, Class 2.
0.962, 0.905, Class 2.
0.990, 0.941, Class 2.
0.946, 0.924, Class 2.
0.915, 0.984, Class 2.
0.979, 0.944, Class 2.
0.893, 0.901, Class 2.
0.947, 0.954, Class 2.
0.790, 0.912, Class 2.
0.817, 0.945, Class 2.
0.857, 0.907, Class 2.
0.785, 0.888, Class 2.
0.858, 0.926, Class 2.
0.855, 0.942, Class 2.
0.871, 0.898, Class 2.
0.839, 0.940, Class 2.
0.881, 0.920, Class 2.
0.813, 0.932, Class 2.
0.845, 0.707, Class 2.
0.798, 0.665, Class 2.
0.831, 0.741, Class 2.
0.891, 0.740, Class 2.
0.834, 0.742, Class 2.
0.802, 0.743, Class 2.
0.837, 0.723, Class 2.
0.757, 0.769, Class 2.
0.822, 0.765, Class 2.
0.846, 0.753, Class 2.
0.924, 0.672, Class 2.
0.876, 0.637, Class 2.
0.830, 0.643, Class 2.
0.863, 0.695, Class 2.
0.853, 0.662, Class 2.
0.915, 0.598, Class 2.
0.823, 0.704, Class 2.
0.841, 0.719, Class 2.
0.841, 0.688, Class 2.
0.921, 0.663, Class 2.
0.985, 0.657, Class 2.
0.956, 0.705, Class 2.
0.980, 0.720, Class 2.
0.910, 0.684, Class 2.
0.906, 0.694, Class 2.
0.967, 0.705, Class 2.
0.937, 0.688, Class 2.
0.947, 0.666, Class 2.
0.943, 0.731, Class 2.
0.934, 0.700, Class 2.
1.006, 0.696, Class 2.
1.071, 0.724, Class 2.
1.005, 0.698, Class 2.
0.982, 0.785, Class 2.
0.966, 0.756, Class 2.
0.954, 0.774, Class 2.
0.998, 0.734, Class 2.
0.969, 0.767, Class 2.
1.031, 0.739, Class 2.
0.979, 0.700, Class 2.
0.987, 0.989, Class 2.
0.966, 0.956, Class 2.
0.892, 1.008, Class 2.
0.961, 0.994, Class 2.
0.982, 0.996, Class 2.
0.939, 0.904, Class 2.
0.949, 0.940, Class 2.
0.925, 1.011, Class 2.
0.948, 0.966, Class 2.
0.921, 0.981, Class 2.
0.744, 0.909, Class 2.
0.754, 0.903, Class 2.
0.784, 0.878, Class 2.
0.781, 0.948, Class 2.
0.802, 0.925, Class 2.
0.802, 0.928, Class 2.
0.771, 0.900, Class 2.
0.848, 0.920, Class 2.
0.782, 0.961, Class 2.
0.810, 0.932, Class 2.
0.679, 0.890, Class 2.
0.744, 0.862, Class 2.
0.674, 0.935, Class 2.
0.635, 0.939, Class 2.
0.670, 0.962, Class 2.
0.711, 0.910, Class 2.
0.736, 0.939, Class 2.
0.662, 0.900, Class 2.
0.646, 0.922, Class 2.
0.681, 0.976, Class 2.
0.738, 0.805, Class 2.
0.729, 0.833, Class 2.
0.730, 0.871, Class 2.
0.656, 0.822, Class 2.
0.680, 0.833, Class 2.
0.717, 0.789, Class 2.
0.700, 0.748, Class 2.
0.703, 0.858, Class 2.
0.625, 0.864, Class 2.
0.716, 0.912, Class 2.
0.722, 0.720, Class 2.
0.734, 0.707, Class 2.
0.750, 0.730, Class 2.
0.758, 0.710, Class 2.
0.724, 0.711, Class 2.
0.658, 0.705, Class 2.
0.736, 0.740, Class 2.
0.657, 0.714, Class 2.
0.726, 0.644, Class 2.
0.738, 0.711, Class 2.
0.769, 0.663, Class 2.
0.720, 0.630, Class 2.
0.789, 0.586, Class 2.
0.766, 0.578, Class 2.
0.830, 0.619, Class 2.
0.745, 0.587, Class 2.
0.767, 0.632, Class 2.
0.747, 0.657, Class 2.
0.732, 0.650, Class 2.
0.757, 0.620, Class 2.
0.865, 0.793, Class 2.
0.912, 0.801, Class 2.
0.984, 0.813, Class 2.
0.886, 0.747, Class 2.
0.889, 0.838, Class 2.
0.887, 0.720, Class 2.
0.909, 0.776, Class 2.
0.911, 0.776, Class 2.
0.840, 0.835, Class 2.
0.876, 0.815, Class 2.
0.931, 0.896, Class 2.
0.874, 0.962, Class 2.
0.834, 0.970, Class 2.
0.893, 0.947, Class 2.
0.893, 0.947, Class 2.
0.863, 0.901, Class 2.
0.854, 0.975, Class 2.
0.799, 0.909, Class 2.
0.883, 0.987, Class 2.
0.899, 0.965, Class 2.
0.673, 0.907, Class 2.
0.602, 0.896, Class 2.
0.656, 0.947, Class 2.
0.644, 0.904, Class 2.
0.631, 0.939, Class 2.
0.605, 0.934, Class 2.
0.617, 0.948, Class 2.
0.634, 0.932, Class 2.
0.599, 0.891, Class 2.
0.674, 0.906, Class 2.
0.667, 0.868, Class 2.
0.634, 0.808, Class 2.
0.647, 0.859, Class 2.
0.711, 0.823, Class 2.
0.621, 0.855, Class 2.
0.729, 0.899, Class 2.
0.664, 0.920, Class 2.
0.695, 0.886, Class 2.
0.637, 0.885, Class 2.
0.625, 0.910, Class 2.
0.781, 0.749, Class 2.
0.681, 0.806, Class 2.
0.726, 0.681, Class 2.
0.670, 0.761, Class 2.
0.736, 0.741, Class 2.
0.739, 0.742, Class 2.
0.723, 0.796, Class 2.
0.730, 0.796, Class 2.
0.702, 0.757, Class 2.
0.696, 0.774, Class 2.
0.812, 0.667, Class 2.
0.819, 0.708, Class 2.
0.811, 0.698, Class 2.
0.792, 0.609, Class 2.
0.778, 0.641, Class 2.
0.811, 0.707, Class 2.
0.846, 0.695, Class 2.
0.823, 0.648, Class 2.
0.829, 0.666, Class 2.
0.821, 0.667, Class 2.
0.854, 0.558, Class 2.
0.830, 0.556, Class 2.
0.829, 0.624, Class 2.
0.861, 0.573, Class 2.
0.835, 0.600, Class 2.
0.840, 0.586, Class 2.
0.858, 0.595, Class 2.
0.885, 0.580, Class 2.
0.838, 0.564, Class 2.
0.789, 0.595, Class 2.
0.930, 0.550, Class 2.
0.896, 0.547, Class 2.
0.943, 0.479, Class 2.
0.859, 0.542, Class 2.
0.897, 0.513, Class 2.
0.947, 0.538, Class 2.
0.920, 0.537, Class 2.
0.961, 0.588, Class 2.
0.908, 0.562, Class 2.
0.954, 0.545, Class 2.
0.839, 0.468, Class 2.
0.889, 0.465, Class 2.
0.857, 0.473, Class 2.
0.897, 0.523, Class 2.
0.866, 0.480, Class 2.
0.856, 0.482, Class 2.
0.851, 0.485, Class 2.
0.870, 0.497, Class 2.
0.851, 0.474, Class 2.
0.901, 0.478, Class 2.
0.673, 0.458, Class 2.
0.701, 0.444, Class 2.
0.694, 0.491, Class 2.
0.722, 0.483, Class 2.
0.695, 0.441, Class 2.
0.664, 0.414, Class 2.
0.658, 0.443, Class 2.
0.677, 0.421, Class 2.
0.743, 0.378, Class 2.
0.709, 0.420, Class 2.
0.624, 0.472, Class 2.
0.642, 0.393, Class 2.
0.664, 0.418, Class 2.
0.630, 0.415, Class 2.
0.589, 0.509, Class 2.
0.612, 0.464, Class 2.
0.587, 0.427, Class 2.
0.676, 0.485, Class 2.
0.600, 0.417, Class 2.
0.648, 0.457, Class 2.
0.489, 0.515, Class 2.
0.546, 0.596, Class 2.
0.541, 0.577, Class 2.
0.516, 0.572, Class 2.
0.537, 0.608, Class 2.
0.568, 0.499, Class 2.
0.511, 0.537, Class 2.
0.575, 0.552, Class 2.
0.569, 0.544, Class 2.
0.588, 0.587, Class 2.
0.527, 0.698, Class 2.
0.525, 0.678, Class 2.
0.590, 0.668, Class 2.
0.528, 0.661, Class 2.
0.573, 0.616, Class 2.
0.539, 0.599, Class 2.
0.548, 0.644, Class 2.
0.526, 0.672, Class 2.
0.515, 0.675, Class 2.
0.461, 0.674, Class 2.
0.622, 0.731, Class 2.
0.597, 0.703, Class 2.
0.624, 0.713, Class 2.
0.581, 0.659, Class 2.
0.535, 0.755, Class 2.
0.587, 0.758, Class 2.
0.568, 0.723, Class 2.
0.547, 0.680, Class 2.
0.511, 0.740, Class 2.
0.501, 0.698, Class 2.
0.680, 0.710, Class 2.
0.695, 0.728, Class 2.
0.661, 0.723, Class 2.
0.689, 0.673, Class 2.
0.660, 0.706, Class 2.
0.687, 0.718, Class 2.
0.575, 0.703, Class 2.
0.699, 0.696, Class 2.
0.654, 0.703, Class 2.
0.656, 0.708, Class 2.
0.706, 0.586, Class 2.
0.772, 0.565, Class 2.
0.801, 0.574, Class 2.
0.798, 0.595, Class 2.
0.787, 0.579, Class 2.
0.777, 0.567, Class 2.
0.786, 0.590, Class 2.
0.783, 0.661, Class 2.
0.784, 0.567, Class 2.
0.769, 0.630, Class 2.
0.991, 0.510, Class 2.
0.972, 0.492, Class 2.
0.964, 0.543, Class 2.
0.982, 0.521, Class 2.
0.914, 0.556, Class 2.
0.940, 0.558, Class 2.
0.895, 0.454, Class 2.
0.951, 0.547, Class 2.
0.940, 0.576, Class 2.
0.942, 0.528, Class 2.
0.959, 0.515, Class 2.
0.959, 0.435, Class 2.
0.959, 0.489, Class 2.
0.962, 0.468, Class 2.
0.960, 0.482, Class 2.
0.958, 0.498, Class 2.
0.998, 0.527, Class 2.
0.972, 0.507, Class 2.
0.934, 0.482, Class 2.
0.929, 0.451, Class 2.
0.884, 0.399, Class 2.
0.899, 0.457, Class 2.
0.871, 0.482, Class 2.
0.835, 0.459, Class 2.
0.913, 0.462, Class 2.
0.844, 0.428, Class 2.
0.847, 0.455, Class 2.
0.909, 0.470, Class 2.
0.944, 0.411, Class 2.
0.903, 0.424, Class 2.
0.686, 0.467, Class 2.
0.732, 0.407, Class 2.
0.693, 0.475, Class 2.
0.706, 0.494, Class 2.
0.722, 0.445, Class 2.
0.678, 0.390, Class 2.
0.699, 0.441, Class 2.
0.661, 0.458, Class 2.
0.654, 0.474, Class 2.
0.722, 0.465, Class 2.
0.604, 0.597, Class 2.
0.677, 0.598, Class 2.
0.634, 0.596, Class 2.
0.663, 0.587, Class 2.
0.633, 0.596, Class 2.
0.619, 0.616, Class 2.
0.575, 0.626, Class 2.
0.632, 0.556, Class 2.
0.604, 0.613, Class 2.
0.628, 0.589, Class 2.
0.505, 0.591, Class 2.
0.547, 0.549, Class 2.
0.556, 0.542, Class 2.
0.514, 0.548, Class 2.
0.485, 0.568, Class 2.
0.521, 0.515, Class 2.
0.499, 0.578, Class 2.
0.552, 0.533, Class 2.
0.555, 0.540, Class 2.
0.549, 0.616, Class 2.
0.506, 0.511, Class 2.
0.529, 0.450, Class 2.
0.516, 0.443, Class 2.
0.527, 0.398, Class 2.
0.488, 0.479, Class 2.
0.530, 0.472, Class 2.
0.544, 0.463, Class 2.
0.514, 0.426, Class 2.
0.462, 0.432, Class 2.
0.525, 0.427, Class 2.
0.715, 0.413, Class 2.
0.666, 0.456, Class 2.
0.650, 0.354, Class 2.
0.595, 0.379, Class 2.
0.699, 0.384, Class 2.
0.738, 0.428, Class 2.
0.675, 0.448, Class 2.
0.663, 0.385, Class 2.
0.689, 0.390, Class 2.
0.633, 0.409, Class 2.
0.851, 0.407, Class 2.
0.898, 0.458, Class 2.
0.907, 0.426, Class 2.
0.864, 0.452, Class 2.
0.945, 0.458, Class 2.
0.920, 0.417, Class 2.
0.899, 0.424, Class 2.
0.889, 0.415, Class 2.
0.875, 0.464, Class 2.
0.935, 0.414, Class 2.
0.942, 0.562, Class 2.
0.885, 0.598, Class 2.
0.881, 0.576, Class 2.
0.883, 0.569, Class 2.
0.943, 0.628, Class 2.
0.925, 0.533, Class 2.
0.956, 0.536, Class 2.
0.941, 0.602, Class 2.
0.911, 0.535, Class 2.
0.900, 0.555, Class 2.
0.881, 0.793, Class 2.
0.893, 0.859, Class 2.
0.939, 0.789, Class 2.
0.878, 0.851, Class 2.
0.928, 0.802, Class 2.
0.975, 0.824, Class 2.
0.872, 0.839, Class 2.
0.892, 0.835, Class 2.
0.891, 0.766, Class 2.
0.915, 0.802, Class 2.
0.904, 0.841, Class 2.
0.860, 0.900, Class 2.
0.888, 0.871, Class 2.
0.855, 0.858, Class 2.
0.847, 0.831, Class 2.
0.867, 0.846, Class 2.
0.886, 0.836, Class 2.
0.895, 0.825, Class 2.
0.856, 0.837, Class 2.
0.865, 0.821, Class 2.
0.783, 0.849, Class 2.
0.801, 0.854, Class 2.
0.821, 0.832, Class 2.
0.852, 0.839, Class 2.
0.756, 0.826, Class 2.
0.833, 0.868, Class 2.
0.836, 0.840, Class 2.
0.851, 0.817, Class 2.
0.824, 0.796, Class 2.
0.786, 0.857, Class 2.
0.745, 0.686, Class 2.
0.772, 0.636, Class 2.
0.802, 0.660, Class 2.
0.808, 0.643, Class 2.
0.749, 0.633, Class 2.
0.819, 0.661, Class 2.
0.794, 0.617, Class 2.
0.802, 0.633, Class 2.
0.755, 0.677, Class 2.
0.771, 0.632, Class 2.
0.704, 0.510, Class 2.
0.664, 0.531, Class 2.
0.715, 0.574, Class 2.
0.660, 0.521, Class 2.
0.729, 0.539, Class 2.
0.716, 0.514, Class 2.
0.699, 0.535, Class 2.
0.732, 0.507, Class 2.
0.726, 0.529, Class 2.
0.681, 0.475, Class 2.
0.546, 0.526, Class 2.
0.528, 0.457, Class 2.
0.534, 0.548, Class 2.
0.572, 0.516, Class 2.
0.551, 0.530, Class 2.
0.550, 0.525, Class 2.
0.575, 0.561, Class 2.
0.497, 0.562, Class 2.
0.543, 0.545, Class 2.
0.519, 0.558, Class 2.
0.453, 0.573, Class 2.
0.502, 0.596, Class 2.
0.440, 0.557, Class 2.
0.452, 0.531, Class 2.
0.441, 0.545, Class 2.
0.479, 0.557, Class 2.
0.435, 0.589, Class 2.
0.444, 0.551, Class 2.
0.485, 0.554, Class 2.
0.492, 0.549, Class 2.
0.396, 0.709, Class 2.
0.352, 0.657, Class 2.
0.437, 0.679, Class 2.
0.422, 0.639, Class 2.
0.461, 0.670, Class 2.
0.475, 0.595, Class 2.
0.480, 0.655, Class 2.
0.470, 0.640, Class 2.
0.448, 0.577, Class 2.
0.474, 0.600, Class 2.
0.515, 0.719, Class 2.
0.532, 0.746, Class 2.
0.519, 0.679, Class 2.
0.482, 0.710, Class 2.
0.482, 0.646, Class 2.
0.512, 0.657, Class 2.
0.534, 0.638, Class 2.
0.549, 0.665, Class 2.
0.537, 0.713, Class 2.
0.511, 0.670, Class 2.
0.692, 0.817, Class 2.
0.708, 0.819, Class 2.
0.651, 0.771, Class 2.
0.679, 0.806, Class 2.
0.656, 0.818, Class 2.
0.671, 0.819, Class 2.
0.628, 0.821, Class 2.
0.682, 0.868, Class 2.
0.714, 0.747, Class 2.
0.649, 0.803, Class 2.
0.755, 0.917, Class 2.
0.771, 0.869, Class 2.
0.739, 0.919, Class 2.
0.791, 0.885, Class 2.
0.764, 0.859, Class 2.
0.775, 0.897, Class 2.
0.750, 0.919, Class 2.
0.785, 0.896, Class 2.
0.747, 0.924, Class 2.
0.747, 0.922, Class 2.
0.858, 0.893, Class 2.
0.841, 0.857, Class 2.
0.821, 0.840, Class 2.
0.774, 0.929, Class 2.
0.832, 0.852, Class 2.
0.809, 0.897, Class 2.
0.805, 0.909, Class 2.
0.804, 0.913, Class 2.
0.780, 0.923, Class 2.
0.804, 0.865, Class 2.
0.804, 0.899, Class 2.
0.827, 0.935, Class 2.
0.779, 0.904, Class 2.
0.822, 1.003, Class 2.
0.788, 0.949, Class 2.
0.859, 0.851, Class 2.
0.759, 0.862, Class 2.
0.802, 0.924, Class 2.
0.793, 0.886, Class 2.
0.767, 0.862, Class 2.
0.063, 0.309, Class 3.
-0.015, 0.318, Class 3.
-0.013, 0.310, Class 3.
0.052, 0.353, Class 3.
-0.006, 0.334, Class 3.
0.018, 0.335, Class 3.
-0.032, 0.308, Class 3.
0.061, 0.340, Class 3.
0.049, 0.386, Class 3.
0.042, 0.321, Class 3.
0.154, 0.282, Class 3.
0.174, 0.341, Class 3.
0.110, 0.325, Class 3.
0.195, 0.362, Class 3.
0.194, 0.377, Class 3.
0.154, 0.357, Class 3.
0.141, 0.333, Class 3.
0.153, 0.301, Class 3.
0.263, 0.322, Class 3.
0.154, 0.295, Class 3.
0.218, 0.337, Class 3.
0.230, 0.352, Class 3.
0.228, 0.312, Class 3.
0.222, 0.342, Class 3.
0.140, 0.396, Class 3.
0.195, 0.333, Class 3.
0.163, 0.335, Class 3.
0.156, 0.315, Class 3.
0.181, 0.356, Class 3.
0.213, 0.345, Class 3.
0.257, 0.330, Class 3.
0.267, 0.380, Class 3.
0.275, 0.350, Class 3.
0.282, 0.392, Class 3.
0.227, 0.354, Class 3.
0.257, 0.357, Class 3.
0.257, 0.318, Class 3.
0.170, 0.388, Class 3.
0.259, 0.422, Class 3.
0.310, 0.342, Class 3.
0.422, 0.391, Class 3.
0.448, 0.439, Class 3.
0.345, 0.356, Class 3.
0.378, 0.450, Class 3.
0.379, 0.479, Class 3.
0.426, 0.455, Class 3.
0.396, 0.448, Class 3.
0.376, 0.404, Class 3.
0.379, 0.395, Class 3.
0.373, 0.405, Class 3.
0.410, 0.412, Class 3.
0.457, 0.371, Class 3.
0.447, 0.438, Class 3.
0.419, 0.383, Class 3.
0.436, 0.462, Class 3.
0.477, 0.354, Class 3.
0.408, 0.431, Class 3.
0.429, 0.399, Class 3.
0.458, 0.363, Class 3.
0.462, 0.472, Class 3.
0.545, 0.459, Class 3.
0.599, 0.455, Class 3.
0.525, 0.448, Class 3.
0.530, 0.401, Class 3.
0.525, 0.411, Class 3.
0.581, 0.460, Class 3.
0.557, 0.422, Class 3.
0.523, 0.399, Class 3.
0.498, 0.451, Class 3.
0.570, 0.479, Class 3.
0.671, 0.386, Class 3.
0.689, 0.427, Class 3.
0.659, 0.364, Class 3.
0.639, 0.467, Class 3.
0.598, 0.418, Class 3.
0.683, 0.411, Class 3.
0.617, 0.407, Class 3.
0.687, 0.409, Class 3.
0.745, 0.466, Class 3.
0.624, 0.407, Class 3.
0.770, 0.334, Class 3.
0.830, 0.402, Class 3.
0.808, 0.360, Class 3.
0.811, 0.419, Class 3.
0.823, 0.371, Class 3.
0.769, 0.388, Class 3.
0.824, 0.394, Class 3.
0.857, 0.419, Class 3.
0.811, 0.376, Class 3.
0.742, 0.355, Class 3.
0.956, 0.357, Class 3.
0.895, 0.365, Class 3.
0.859, 0.417, Class 3.
0.901, 0.306, Class 3.
0.871, 0.342, Class 3.
0.903, 0.373, Class 3.
0.868, 0.392, Class 3.
0.899, 0.357, Class 3.
0.925, 0.369, Class 3.
0.882, 0.350, Class 3.
0.946, 0.344, Class 3.
0.914, 0.291, Class 3.
0.916, 0.355, Class 3.
0.955, 0.370, Class 3.
0.972, 0.298, Class 3.
0.921, 0.315, Class 3.
0.907, 0.235, Class 3.
0.962, 0.343, Class 3.
0.946, 0.327, Class 3.
0.992, 0.325, Class 3.
0.777, 0.289, Class 3.
0.791, 0.331, Class 3.
0.851, 0.301, Class 3.
0.785, 0.308, Class 3.
0.788, 0.320, Class 3.
0.822, 0.298, Class 3.
0.834, 0.279, Class 3.
0.815, 0.298, Class 3.
0.799, 0.271, Class 3.
0.803, 0.307, Class 3.
0.618, 0.331, Class 3.
0.558, 0.273, Class 3.
0.620, 0.324, Class 3.
0.549, 0.300, Class 3.
0.588, 0.334, Class 3.
0.526, 0.289, Class 3.
0.580, 0.326, Class 3.
0.645, 0.291, Class 3.
0.604, 0.297, Class 3.
0.566, 0.289, Class 3.
0.448, 0.347, Class 3.
0.489, 0.326, Class 3.
0.415, 0.316, Class 3.
0.450, 0.307, Class 3.
0.418, 0.308, Class 3.
0.464, 0.303, Class 3.
0.426, 0.323, Class 3.
0.377, 0.255, Class 3.
0.432, 0.320, Class 3.
0.466, 0.294, Class 3.
0.259, 0.301, Class 3.
0.248, 0.291, Class 3.
0.210, 0.337, Class 3.
0.238, 0.278, Class 3.
0.235, 0.304, Class 3.
0.202, 0.328, Class 3.
0.229, 0.305, Class 3.
0.266, 0.245, Class 3.
0.241, 0.238, Class 3.
0.178, 0.293, Class 3.
0.126, 0.315, Class 3.
0.123, 0.328, Class 3.
0.137, 0.280, Class 3.
0.104, 0.308, Class 3.
0.114, 0.276, Class 3.
0.177, 0.337, Class 3.
0.141, 0.201, Class 3.
0.174, 0.278, Class 3.
0.143, 0.299, Class 3.
0.122, 0.332, Class 3.
0.092, 0.318, Class 3.
0.117, 0.265, Class 3.
0.133, 0.269, Class 3.
0.111, 0.262, Class 3.
0.117, 0.347, Class 3.
0.107, 0.244, Class 3.
0.163, 0.291, Class 3.
0.120, 0.281, Class 3.
0.100, 0.300, Class 3.
0.114, 0.260, Class 3.
0.095, 0.235, Class 3.
0.082, 0.282, Class 3.
0.075, 0.288, Class 3.
0.044, 0.274, Class 3.
0.081, 0.291, Class 3.
0.115, 0.306, Class 3.
0.049, 0.310, Class 3.
0.047, 0.256, Class 3.
0.148, 0.271, Class 3.
0.036, 0.262, Class 3.
0.236, 0.263, Class 3.
0.154, 0.257, Class 3.
0.190, 0.296, Class 3.
0.195, 0.261, Class 3.
0.182, 0.263, Class 3.
0.170, 0.279, Class 3.
0.197, 0.245, Class 3.
0.248, 0.278, Class 3.
0.194, 0.243, Class 3.
0.143, 0.253, Class 3.
0.483, 0.295, Class 3.
0.551, 0.254, Class 3.
0.484, 0.273, Class 3.
0.494, 0.235, Class 3.
0.517, 0.252, Class 3.
0.508, 0.184, Class 3.
0.447, 0.181, Class 3.
0.516, 0.238, Class 3.
0.500, 0.210, Class 3.
0.529, 0.224, Class 3.
0.621, 0.207, Class 3.
0.664, 0.265, Class 3.
0.635, 0.230, Class 3.
0.654, 0.241, Class 3.
0.654, 0.234, Class 3.
0.669, 0.248, Class 3.
0.653, 0.221, Class 3.
0.681, 0.234, Class 3.
0.652, 0.214, Class 3.
0.626, 0.224, Class 3.
0.836, 0.213, Class 3.
0.894, 0.266, Class 3.
0.867, 0.253, Class 3.
0.878, 0.270, Class 3.
0.857, 0.265, Class 3.
0.856, 0.295, Class 3.
0.871, 0.247, Class 3.
0.822, 0.221, Class 3.
0.801, 0.261, Class 3.
0.883, 0.215, Class 3.
0.884, 0.258, Class 3.
0.909, 0.265, Class 3.
0.904, 0.243, Class 3.
0.844, 0.314, Class 3.
0.949, 0.247, Class 3.
0.877, 0.296, Class 3.
0.871, 0.251, Class 3.
0.910, 0.319, Class 3.
0.944, 0.261, Class 3.
0.916, 0.263, Class 3.
0.963, 0.296, Class 3.
0.912, 0.335, Class 3.
0.921, 0.316, Class 3.
0.964, 0.315, Class 3.
0.901, 0.319, Class 3.
0.917, 0.383, Class 3.
0.897, 0.262, Class 3.
0.951, 0.315, Class 3.
0.927, 0.350, Class 3.
0.906, 0.333, Class 3.
0.738, 0.306, Class 3.
0.694, 0.245, Class 3.
0.688, 0.228, Class 3.
0.703, 0.309, Class 3.
0.683, 0.281, Class 3.
0.741, 0.233, Class 3.
0.758, 0.269, Class 3.
0.738, 0.308, Class 3.
0.708, 0.229, Class 3.
0.728, 0.297, Class 3.
0.685, 0.358, Class 3.
0.641, 0.285, Class 3.
0.682, 0.344, Class 3.
0.713, 0.286, Class 3.
0.694, 0.282, Class 3.
0.684, 0.275, Class 3.
0.730, 0.332, Class 3.
0.712, 0.316, Class 3.
0.725, 0.304, Class 3.
0.670, 0.316, Class 3.
0.633, 0.367, Class 3.
0.613, 0.345, Class 3.
0.596, 0.306, Class 3.
0.624, 0.350, Class 3.
0.605, 0.305, Class 3.
0.591, 0.348, Class 3.
0.610, 0.343, Class 3.
0.660, 0.348, Class 3.
0.677, 0.353, Class 3.
0.704, 0.355, Class 3.
0.553, 0.324, Class 3.
0.522, 0.343, Class 3.
0.531, 0.362, Class 3.
0.531, 0.304, Class 3.
0.501, 0.296, Class 3.
0.500, 0.300, Class 3.
0.552, 0.393, Class 3.
0.562, 0.287, Class 3.
0.527, 0.350, Class 3.
0.550, 0.346, Class 3.
0.451, 0.281, Class 3.
0.437, 0.334, Class 3.
0.407, 0.333, Class 3.
0.454, 0.404, Class 3.
0.475, 0.341, Class 3.
0.432, 0.371, Class 3.
0.425, 0.343, Class 3.
0.477, 0.358, Class 3.
0.427, 0.300, Class 3.
0.437, 0.396, Class 3.
0.339, 0.332, Class 3.
0.274, 0.287, Class 3.
0.373, 0.336, Class 3.
0.373, 0.292, Class 3.
0.368, 0.303, Class 3.
0.359, 0.364, Class 3.
0.340, 0.356, Class 3.
0.347, 0.299, Class 3.
0.368, 0.314, Class 3.
0.330, 0.302, Class 3.
0.281, 0.263, Class 3.
0.343, 0.302, Class 3.
0.330, 0.285, Class 3.
0.356, 0.291, Class 3.
0.282, 0.354, Class 3.
0.322, 0.308, Class 3.
0.311, 0.277, Class 3.
0.319, 0.283, Class 3.
0.295, 0.247, Class 3.
0.303, 0.361, Class 3.
0.145, 0.249, Class 3.
0.189, 0.215, Class 3.
0.187, 0.259, Class 3.
0.163, 0.199, Class 3.
0.207, 0.194, Class 3.
0.210, 0.232, Class 3.
0.226, 0.181, Class 3.
0.238, 0.289, Class 3.
0.172, 0.227, Class 3.
0.178, 0.200, Class 3.
0.137, 0.245, Class 3.
0.100, 0.182, Class 3.
0.104, 0.156, Class 3.
0.070, 0.184, Class 3.
0.070, 0.200, Class 3.
0.100, 0.191, Class 3.
0.113, 0.152, Class 3.
-0.002, 0.214, Class 3.
0.155, 0.195, Class 3.
0.107, 0.225, Class 3.
0.004, 0.192, Class 3.
-0.015, 0.175, Class 3.
0.039, 0.229, Class 3.
0.007, 0.203, Class 3.
-0.027, 0.158, Class 3.
0.018, 0.154, Class 3.
0.046, 0.176, Class 3.
0.076, 0.214, Class 3.
-0.020, 0.175, Class 3.
0.010, 0.188, Class 3.
0.015, 0.098, Class 3.
0.019, 0.078, Class 3.
-0.020, 0.144, Class 3.
0.051, 0.064, Class 3.
-0.007, 0.092, Class 3.
-0.045, 0.094, Class 3.
0.004, 0.110, Class 3.
-0.059, 0.093, Class 3.
-0.025, 0.109, Class 3.
-0.006, 0.056, Class 3.
-0.011, 0.035, Class 3.
0.044, 0.018, Class 3.
0.024, 0.094, Class 3.
0.021, 0.012, Class 3.
0.045, 0.020, Class 3.
0.051, -0.015, Class 3.
0.006, 0.025, Class 3.
0.030, 0.051, Class 3.
0.015, 0.047, Class 3.
0.005, 0.069, Class 3.
0.120, 0.048, Class 3.
0.167, 0.039, Class 3.
0.131, 0.015, Class 3.
0.105, 0.034, Class 3.
0.097, 0.009, Class 3.
0.135, 0.027, Class 3.
0.095, 0.030, Class 3.
0.084, 0.029, Class 3.
0.102, 0.061, Class 3.
0.150, 0.074, Class 3.
0.333, 0.008, Class 3.
0.336, 0.068, Class 3.
0.366, 0.048, Class 3.
0.392, 0.012, Class 3.
0.342, 0.039, Class 3.
0.361, 0.092, Class 3.
0.391, 0.074, Class 3.
0.357, 0.025, Class 3.
0.350, 0.044, Class 3.
0.360, 0.082, Class 3.
0.505, 0.034, Class 3.
0.552, 0.002, Class 3.
0.457, 0.014, Class 3.
0.519, 0.053, Class 3.
0.488, 0.087, Class 3.
0.455, 0.003, Class 3.
0.483, 0.005, Class 3.
0.496, 0.083, Class 3.
0.480, 0.080, Class 3.
0.461, 0.029, Class 3.
0.689, 0.110, Class 3.
0.656, 0.041, Class 3.
0.664, 0.039, Class 3.
0.683, 0.030, Class 3.
0.674, -0.013, Class 3.
0.631, 0.079, Class 3.
0.703, 0.095, Class 3.
0.602, 0.056, Class 3.
0.722, 0.040, Class 3.
0.632, 0.010, Class 3.
0.790, 0.070, Class 3.
0.821, 0.012, Class 3.
0.806, 0.122, Class 3.
0.817, 0.067, Class 3.
0.816, 0.074, Class 3.
0.829, 0.108, Class 3.
0.789, 0.027, Class 3.
0.872, 0.068, Class 3.
0.834, 0.089, Class 3.
0.812, 0.079, Class 3.
0.858, 0.093, Class 3.
0.936, 0.086, Class 3.
0.876, 0.123, Class 3.
0.853, 0.082, Class 3.
0.935, 0.067, Class 3.
0.890, 0.109, Class 3.
0.879, 0.049, Class 3.
0.921, 0.109, Class 3.
0.872, 0.107, Class 3.
0.912, 0.046, Class 3.
0.949, 0.063, Class 3.
0.988, 0.173, Class 3.
0.929, 0.111, Class 3.
0.906, 0.196, Class 3.
0.931, 0.109, Class 3.
0.898, 0.126, Class 3.
0.967, 0.153, Class 3.
0.987, 0.157, Class 3.
0.907, 0.123, Class 3.
0.960, 0.125, Class 3.
0.939, 0.175, Class 3.
0.939, 0.151, Class 3.
0.968, 0.183, Class 3.
0.916, 0.195, Class 3.
0.919, 0.206, Class 3.
0.912, 0.197, Class 3.
0.908, 0.154, Class 3.
0.928, 0.146, Class 3.
0.963, 0.202, Class 3.
0.932, 0.208, Class 3.
0.839, 0.221, Class 3.
0.876, 0.198, Class 3.
0.871, 0.220, Class 3.
0.852, 0.135, Class 3.
0.860, 0.160, Class 3.
0.842, 0.198, Class 3.
0.864, 0.193, Class 3.
0.900, 0.196, Class 3.
0.885, 0.180, Class 3.
0.844, 0.165, Class 3.
0.763, 0.174, Class 3.
0.792, 0.210, Class 3.
0.789, 0.216, Class 3.
0.814, 0.221, Class 3.
0.818, 0.184, Class 3.
0.778, 0.191, Class 3.
0.782, 0.161, Class 3.
0.782, 0.137, Class 3.
0.787, 0.150, Class 3.
0.826, 0.154, Class 3.
0.708, 0.160, Class 3.
0.668, 0.128, Class 3.
0.710, 0.151, Class 3.
0.649, 0.113, Class 3.
0.722, 0.118, Class 3.
0.687, 0.198, Class 3.
0.713, 0.153, Class 3.
0.723, 0.162, Class 3.
0.693, 0.083, Class 3.
0.736, 0.179, Class 3.
0.529, 0.135, Class 3.
0.512, 0.182, Class 3.
0.529, 0.130, Class 3.
0.476, 0.166, Class 3.
0.521, 0.171, Class 3.
0.558, 0.158, Class 3.
0.537, 0.162, Class 3.
0.533, 0.166, Class 3.
0.524, 0.193, Class 3.
0.475, 0.096, Class 3.
0.412, 0.130, Class 3.
0.416, 0.108, Class 3.
0.409, 0.133, Class 3.
0.361, 0.162, Class 3.
0.433, 0.172, Class 3.
0.406, 0.167, Class 3.
0.424, 0.173, Class 3.
0.368, 0.155, Class 3.
0.431, 0.156, Class 3.
0.401, 0.138, Class 3.
0.258, 0.122, Class 3.
0.270, 0.159, Class 3.
0.246, 0.160, Class 3.
0.334, 0.166, Class 3.
0.235, 0.169, Class 3.
0.271, 0.176, Class 3.
0.302, 0.143, Class 3.
0.321, 0.087, Class 3.
0.248, 0.145, Class 3.
0.260, 0.155, Class 3.
0.148, 0.141, Class 3.
0.209, 0.172, Class 3.
0.163, 0.099, Class 3.
0.101, 0.116, Class 3.
0.220, 0.166, Class 3.
0.168, 0.172, Class 3.
0.119, 0.222, Class 3.
0.220, 0.141, Class 3.
0.206, 0.187, Class 3.
0.158, 0.126, Class 3.
0.126, 0.176, Class 3.
0.168, 0.123, Class 3.
0.145, 0.170, Class 3.
0.131, 0.221, Class 3.
0.175, 0.132, Class 3.
0.125, 0.164, Class 3.
0.117, 0.175, Class 3.
0.151, 0.148, Class 3.
0.148, 0.197, Class 3.
0.117, 0.114, Class 3.
0.258, 0.229, Class 3.
0.252, 0.279, Class 3.
0.297, 0.129, Class 3.
0.197, 0.191, Class 3.
0.238, 0.242, Class 3.
0.265, 0.259, Class 3.
0.212, 0.244, Class 3.
0.235, 0.217, Class 3.
0.247, 0.251, Class 3.
0.257, 0.282, Class 3.
0.356, 0.256, Class 3.
0.344, 0.255, Class 3.
0.411, 0.240, Class 3.
0.326, 0.281, Class 3.
0.326, 0.211, Class 3.
0.333, 0.239, Class 3.
0.285, 0.239, Class 3.
0.323, 0.209, Class 3.
0.364, 0.197, Class 3.
0.328, 0.217, Class 3.
0.474, 0.233, Class 3.
0.499, 0.245, Class 3.
0.497, 0.240, Class 3.
0.483, 0.202, Class 3.
0.454, 0.216, Class 3.
0.395, 0.258, Class 3.
0.477, 0.211, Class 3.
0.445, 0.254, Class 3.
0.406, 0.252, Class 3.
0.455, 0.260, Class 3.
0.624, 0.213, Class 3.
0.640, 0.232, Class 3.
0.625, 0.232, Class 3.
0.580, 0.214, Class 3.
0.606, 0.231, Class 3.
0.573, 0.208, Class 3.
0.610, 0.230, Class 3.
0.608, 0.212, Class 3.
0.643, 0.181, Class 3.
0.612, 0.208, Class 3.
0.443, 0.121, Class 3.
0.480, 0.026, Class 3.
0.461, 0.118, Class 3.
0.493, 0.123, Class 3.
0.452, 0.094, Class 3.
0.527, 0.086, Class 3.
0.508, 0.111, Class 3.
0.495, 0.066, Class 3.
0.517, 0.072, Class 3.
0.463, 0.170, Class 3.
0.279, 0.018, Class 3.
0.346, 0.089, Class 3.
0.326, 0.057, Class 3.
0.318, 0.060, Class 3.
0.277, 0.121, Class 3.
0.322, 0.063, Class 3.
0.250, 0.110, Class 3.
0.265, 0.067, Class 3.
0.281, 0.036, Class 3.
0.304, 0.002, Class 3.
0.231, 0.016, Class 3.
0.187, 0.044, Class 3.
0.276, 0.063, Class 3.
0.184, 0.054, Class 3.
0.226, 0.036, Class 3.
0.200, 0.030, Class 3.
0.187, 0.007, Class 3.
0.150, 0.047, Class 3.
0.168, 0.108, Class 3.
0.201, 0.049, Class 3.
0.119, 0.053, Class 3.
0.081, 0.137, Class 3.
0.094, 0.063, Class 3.
0.019, 0.081, Class 3.
0.114, 0.097, Class 3.
0.041, 0.017, Class 3.
0.099, 0.092, Class 3.
0.095, 0.079, Class 3.
0.060, 0.046, Class 3.
0.066, 0.107, Class 3.
0.095, 0.114, Class 3.
0.151, 0.187, Class 3.
0.219, 0.203, Class 3.
0.181, 0.182, Class 3.
0.183, 0.189, Class 3.
0.191, 0.212, Class 3.
0.225, 0.162, Class 3.
0.189, 0.116, Class 3.
0.171, 0.214, Class 3.
0.173, 0.207, Class 3.
0.402, 0.317, Class 3.
0.416, 0.283, Class 3.
0.400, 0.349, Class 3.
0.362, 0.216, Class 3.
0.362, 0.322, Class 3.
0.358, 0.251, Class 3.
0.419, 0.301, Class 3.
0.347, 0.274, Class 3.
0.393, 0.312, Class 3.
0.361, 0.299, Class 3.
0.461, 0.379, Class 3.
0.443, 0.389, Class 3.
0.458, 0.319, Class 3.
0.476, 0.320, Class 3.
0.442, 0.421, Class 3.
0.463, 0.315, Class 3.
0.445, 0.336, Class 3.
0.418, 0.356, Class 3.
0.381, 0.353, Class 3.
0.458, 0.360, Class 3.
0.464, 0.377, Class 3.
0.454, 0.390, Class 3.
0.498, 0.379, Class 3.
0.504, 0.368, Class 3.
0.509, 0.381, Class 3.
0.479, 0.443, Class 3.
0.468, 0.372, Class 3.
0.484, 0.367, Class 3.
0.491, 0.417, Class 3.
0.463, 0.421, Class 3.
0.630, 0.363, Class 3.
0.653, 0.347, Class 3.
0.606, 0.377, Class 3.
0.589, 0.328, Class 3.
0.609, 0.319, Class 3.
0.628, 0.380, Class 3.
0.629, 0.319, Class 3.
0.639, 0.345, Class 3.
0.653, 0.312, Class 3.
0.612, 0.363, Class 3.
0.830, 0.258, Class 3.
0.789, 0.242, Class 3.
0.791, 0.276, Class 3.
0.794, 0.213, Class 3.
0.785, 0.276, Class 3.
0.725, 0.246, Class 3.
0.887, 0.296, Class 3.
0.789, 0.228, Class 3.
0.793, 0.246, Class 3.
0.800, 0.261, Class 3.
0.921, 0.175, Class 3.
0.949, 0.184, Class 3.
0.949, 0.217, Class 3.
0.958, 0.199, Class 3.
0.967, 0.227, Class 3.
0.894, 0.165, Class 3.
0.934, 0.178, Class 3.
0.945, 0.228, Class 3.
0.904, 0.175, Class 3.
0.901, 0.220, Class 3.
0.964, 0.078, Class 3.
0.956, 0.030, Class 3.
0.933, 0.110, Class 3.
0.939, 0.056, Class 3.
0.948, 0.045, Class 3.
0.940, 0.065, Class 3.
0.969, 0.026, Class 3.
0.948, 0.050, Class 3.
0.962, 0.118, Class 3.
0.901, 0.061, Class 3.
0.733, 0.058, Class 3.
0.718, 0.072, Class 3.
0.790, 0.092, Class 3.
0.793, 0.075, Class 3.
0.753, 0.072, Class 3.
0.769, 0.028, Class 3.
0.771, 0.057, Class 3.
0.804, 0.103, Class 3.
0.778, 0.064, Class 3.
0.771, 0.038, Class 3.
0.742, 0.163, Class 3.
0.678, 0.099, Class 3.
0.645, 0.064, Class 3.
0.707, 0.121, Class 3.
0.747, 0.136, Class 3.
0.785, 0.147, Class 3.
0.728, 0.124, Class 3.
0.744, 0.155, Class 3.
0.741, 0.107, Class 3.
0.730, 0.200, Class 3.
0.596, 0.097, Class 3.
0.545, 0.062, Class 3.
0.589, 0.041, Class 3.
0.609, 0.129, Class 3.
0.619, 0.154, Class 3.
0.609, 0.077, Class 3.
0.609, 0.146, Class 3.
0.549, 0.048, Class 3.
0.590, 0.116, Class 3.
0.624, 0.143, Class 3.
0.452, 0.052, Class 3.
0.484, 0.067, Class 3.
0.504, 0.052, Class 3.
0.506, 0.064, Class 3.
0.524, 0.025, Class 3.
0.458, 0.033, Class 3.
0.503, 0.057, Class 3.
0.522, 0.117, Class 3.
0.520, 0.055, Class 3.
0.477, 0.055, Class 3.
0.398, 0.150, Class 3.
0.335, 0.194, Class 3.
0.401, 0.216, Class 3.
0.372, 0.199, Class 3.
0.363, 0.209, Class 3.
0.400, 0.216, Class 3.
0.403, 0.212, Class 3.
0.451, 0.155, Class 3.
0.377, 0.221, Class 3.
0.401, 0.184, Class 3.
0.340, 0.204, Class 3.
0.300, 0.133, Class 3.
0.307, 0.211, Class 3.
0.232, 0.277, Class 3.
0.276, 0.188, Class 3.
0.272, 0.210, Class 3.
0.268, 0.192, Class 3.
0.326, 0.201, Class 3.
0.255, 0.238, Class 3.
0.272, 0.205, Class 3.
0.325, 0.172, Class 3.
0.211, 0.104, Class 3.
0.328, 0.103, Class 3.
0.297, 0.165, Class 3.
0.283, 0.127, Class 3.
0.276, 0.110, Class 3.
0.236, 0.146, Class 3.
0.277, 0.132, Class 3.
0.247, 0.117, Class 3.
0.266, 0.106, Class 3.
0.215, 0.067, Class 3.
0.204, 0.067, Class 3.
0.278, 0.090, Class 3.
0.246, 0.105, Class 3.
0.202, 0.076, Class 3.
0.277, 0.077, Class 3.
0.183, 0.039, Class 3.
0.245, 0.061, Class 3.
0.281, 0.117, Class 3.
0.244, 0.043, Class 3.
